01111110000
11000011000
11011011000
01111110000
00001100000
00000000000
11000001100
11000001100
11001001100
11011101100
01110111000
00000000000
00000000000
11111110000
11000000000
11111000000
11000000000
11111110000
00000000000
00000000000
11111100000
11000110000
11111100000
11000110000
11000110000
00000000000
00000000000
11111111000
00011000000
00011000000
00011000000
00011000000
00000000000
00000000000
11000011000
01100110000
00111100000
00011000000
00011000000
00000000000
00000000000
11000011000
11000011000
11000011000
11000011000
01111110000
00000000000
00000000000
11000000000
11000000000
11000000000
11000000000
11000000000
00000000000
00000000000
01111110000
11000011000
11000011000
11000011000
01111110000
00000000000
00000000000
11111100000
11000110000
11111100000
11000000000
11000000000
00000000000
00000000000
01111100000
11000110000
11111110000
11000110000
11000110000
00000000000
00000000000
11111110000
11000000000
11111110000
00000110000
11111110000
00000000000
00000000000
11111100000
11000110000
11000110000
11000110000
11111100000
00000000000
00000000000
11111110000
11000000000
11111000000
11000000000
11000000000
00000000000
00000000000
01111110000
11000000000
11000111000
11000011000
01111110000
00000000000
00000000000
11000110000
11000110000
11111110000
11000110000
11000110000
00000000000
00000000000
00000110000
00000110000
00000110000
11000110000
01111100000
00000000000
00000000000
11000110000
11001100000
11111000000
11001100000
11000110000
00000000000
00000000000
11000000000
11000000000
11000000000
11000000000
11111110000
00000000000
00000000000
11111110000
00011100000
00111000000
01110000000
11111110000
00000000000
00000000000
11000110000
01101100000
00111000000
01101100000
11000110000
00000000000
00000000000
01111110000
11000000000
11000000000
11000000000
01111110000
00000000000
00000000000
11000011000
11000011000
11000011000
01100110000
00111100000
00000000000
00000000000
11111100000
11000110000
11111100000
11000110000
11111100000
00000000000
00000000000
11100001100
11110001100
11011001100
11001101100
11000111100
00000000000
00000000000
11100001110
11110011110
11011110110
11001100110
11000000110
00000000000
00000000000